$ANSIBLE_VAULT;1.1;AES256
31333461626330386432636433353938393663616234353533653738386538633164623965356164
6163623235373330643935353839373632323334333562660a376465653261323235313333613062
38323530663266376636393530623664353038376533363134616331636265363665626666636237
3634303136623830330a383038333566313862373563393433343230303931333534373533363038
32393134653937313430333436333065633266363638626535323166383839646562616561316262
33373631656537333934633737326363336165656563333739633433633964366162636436646131
33626332343232303534303263613934383734653133303062333632373866386136646530313233
35326435626538363434326464373439386238383366346438386363623531346338303566333865
32373861343966633938666536393636323231353230643633663131636538316430663262623263
61313065383361363566356261323733316466356433666538313037653432353339353964326533
656332363232353831343062626132633832
